1400201
2100203
5300801
5301101
6300102
6500108
7400101
8300301
15600403
16000101
17000903
17700102
20301701
21100401
25600201
28200101
28900103
34901401
36600202
36900201
39900801
42300202
42500101
45102201
46000302
49202003
50300302
54200302
54301904
56500501
56600102
58700304
58800501
59400101
60800202
61200401
69000703
70900501
71900501
73400601
76700502
77600704
80000101
87700201
87900303
88600801
93000101
93500401
95301301
99000102
100800202
106000602
108000302
108800601
111300602
114401201
116300701
117400301
119500402
134200401
134201004
134500701
135200301
135600401
140100301
144900203
148500403
154700102
154900201
155300401
155800501
159900402
162000301
167000301
167800202
168200501
169100101
169400201
174600201
174900803
177000201
177400702
178900201
181100402
181900201
185500402
185600401
185700201
188902501
191100401
198500101
204400101
204400103
206100103
208400101
209100202
209400301
214900502
218700201
220400102
226400102
231701802
231900201
239800101
242200201
242300403
242700501
243600201
245200201
248600101
250900801
253800102
